[COHERENCE_OPTIONS]
T=1.000000
relaxation=1.000000e-15
time_step=1.000000e-18
duration=7.000000e-11
clock_high=9.800000e-22
clock_low=3.800000e-23
clock_shift=0.000000e+000
clock_amplitude_factor=2.000000
radius_of_effect=80.000000
epsilonR=12.900000
layer_separation=11.500000
algorithm=2
randomize_cells=FALSE
animate_simulation=false
[#COHERENCE_OPTIONS]
